p0 2 14 60
p1 2 4 39
p2 3 6 34
p3 4 5 39
p4 4 8 50
p5 8 1 68
p6 9 11 45
p7 12 10 59
p8 13 19 83
p9 14 14 50
p10 17 17 54
p11 24 16 96
p12 25 5 53
p13 28 17 85
p14 36 13 74
p15 39 14 96
p16 39 5 86
p17 46 8 113
p18 50 7 92
p19 52 10 118
p20 60 20 115
p21 65 6 122
p22 71 18 147
p23 75 3 125
p24 101 13 162
p25 104 8 135
p26 110 14 148
p27 110 2 156
p28 112 5 145
p29 113 19 182
p30 116 1 167
p31 119 15 193
p32 134 11 171
p33 144 18 188
p34 146 14 207
p35 154 4 196
p36 158 16 213
p37 158 1 208
p38 164 20 218
p39 167 16 236
p40 180 15 253
p41 183 7 249
p42 183 20 224
p43 185 1 232
p44 187 9 238
p45 192 19 243
p46 194 8 228
p47 196 18 238
p48 204 15 274
p49 205 10 262
p50 206 18 246
p51 212 12 252
p52 217 3 264
p53 227 19 282
p54 228 19 277
p55 230 11 275
p56 232 17 299
p57 238 9 280
p58 241 4 279
p59 245 17 302
p60 248 12 281
p61 248 13 292
p62 253 13 321
p63 265 1 318
p64 270 6 314
p65 274 13 342
p66 284 12 321
p67 291 13 339
p68 295 14 339
p69 299 12 346
p70 302 17 378
p71 303 20 376
p72 311 11 343
p73 315 15 368
p74 315 16 369
p75 316 5 378
p76 324 10 367
p77 337 6 373
p78 342 16 404
p79 342 3 380
p80 343 2 401
p81 344 3 405
p82 346 13 418
p83 346 6 377
p84 354 8 401
p85 356 3 393
p86 363 15 413
p87 363 15 428
p88 366 18 427
p89 369 3 417
p90 371 20 422
p91 377 9 434
p92 379 1 411
p93 380 6 445
p94 381 16 445
p95 382 4 416
p96 382 4 411
p97 382 2 440
p98 392 9 430
p99 399 9 435
