p0 2 3 109
p1 5 14 201
p2 6 9 159
p3 12 8 191
p4 13 17 132
p5 13 14 204
p6 16 2 198
p7 18 10 196
p8 32 19 226
p9 47 7 209
p10 58 11 233
p11 60 4 168
p12 60 15 237
p13 66 1 175
p14 67 19 278
p15 72 6 205
p16 76 6 192
p17 79 9 229
p18 82 17 296
p19 87 20 212
p20 94 2 220
p21 97 4 239
p22 101 2 236
p23 102 6 210
p24 118 13 263
p25 121 12 246
p26 126 3 272
p27 126 7 332
p28 129 7 277
p29 132 1 235
p30 134 15 303
p31 136 1 295
p32 144 8 331
p33 148 5 289
p34 149 11 350
p35 154 3 292
p36 155 8 277
p37 159 1 280
p38 161 16 343
p39 162 9 354
p40 164 15 311
p41 166 16 379
p42 170 1 360
p43 174 16 297
p44 176 12 300
p45 179 2 314
p46 180 14 323
p47 190 6 327
p48 196 6 397
p49 199 10 368
p50 200 20 419
p51 204 18 385
p52 207 9 409
p53 215 19 420
p54 216 13 390
p55 218 6 330
p56 228 13 423
p57 229 20 431
p58 232 10 368
p59 233 1 390
p60 236 2 435
p61 239 9 377
p62 272 4 469
p63 273 14 410
p64 276 9 431
p65 277 15 421
p66 287 11 417
p67 292 3 480
p68 293 6 478
p69 302 6 464
p70 304 2 453
p71 306 13 446
p72 308 19 432
p73 314 18 445
p74 318 9 478
p75 318 19 525
p76 320 18 532
p77 323 16 447
p78 325 14 454
p79 327 2 440
p80 329 15 535
p81 330 4 456
p82 336 20 494
p83 350 2 498
p84 351 6 462
p85 354 18 491
p86 357 11 545
p87 361 10 507
p88 362 8 512
p89 363 11 503
p90 369 14 484
p91 371 19 580
p92 373 10 546
p93 383 7 559
p94 385 18 553
p95 387 4 514
p96 387 2 574
p97 390 13 562
p98 392 10 518
p99 398 10 532
