p0 0 12 502
p1 13 7 531
p2 18 1 656
p3 19 11 485
p4 19 7 650
p5 22 14 686
p6 25 4 579
p7 26 1 678
p8 28 12 566
p9 28 9 490
p10 29 6 436
p11 34 20 480
p12 38 16 638
p13 39 1 511
p14 43 1 694
p15 44 19 668
p16 45 8 575
p17 47 17 727
p18 47 17 755
p19 50 10 491
p20 50 9 617
p21 51 11 518
p22 53 15 649
p23 54 1 625
p24 54 7 466
p25 58 18 589
p26 63 20 716
p27 63 3 608
p28 66 2 608
p29 66 14 610
p30 71 2 695
p31 76 1 655
p32 80 19 569
p33 88 19 594
p34 89 14 724
p35 89 7 738
p36 91 8 740
p37 92 12 766
p38 93 20 695
p39 93 2 581
p40 95 19 790
p41 98 12 520
p42 98 20 596
p43 99 16 686
p44 103 12 629
p45 103 15 763
p46 103 12 519
p47 114 7 688
p48 114 12 746
p49 115 7 591
p50 117 20 699
p51 117 6 809
p52 118 5 647
p53 119 1 701
p54 124 14 783
p55 124 4 650
p56 125 7 664
p57 126 10 829
p58 126 5 540
p59 126 4 595
p60 130 10 722
p61 131 8 760
p62 131 19 553
p63 132 10 575
p64 133 15 676
p65 134 11 759
p66 138 9 597
p67 140 16 752
p68 141 5 720
p69 146 8 598
p70 146 3 682
p71 152 9 782
p72 153 4 746
p73 153 15 821
p74 154 13 804
p75 155 17 792
p76 158 11 719
p77 158 13 785
p78 162 19 711
p79 168 14 589
p80 168 2 681
p81 169 5 795
p82 171 19 874
p83 173 17 599
p84 175 10 643
p85 176 9 731
p86 177 7 720
p87 183 16 870
p88 183 16 829
p89 185 18 873
p90 185 20 846
p91 185 14 860
p92 186 9 728
p93 189 19 615
p94 190 12 799
p95 193 15 640
p96 195 9 653
p97 198 5 775
p98 198 8 770
p99 199 7 814
p100 200 4 784
p101 200 5 758
p102 203 6 647
p103 204 12 700
p104 208 14 785
p105 208 8 797
p106 208 4 796
p107 209 17 890
p108 209 2 678
p109 210 19 693
p110 212 12 811
p111 212 20 903
p112 216 14 648
p113 217 10 908
p114 217 18 907
p115 218 15 809
p116 218 18 665
p117 227 7 716
p118 227 16 914
p119 234 18 798
p120 237 12 880
p121 239 14 768
p122 241 18 842
p123 248 2 739
p124 248 5 660
p125 248 14 690
p126 250 17 938
p127 250 15 829
p128 252 18 782
p129 252 20 942
p130 254 15 773
p131 256 15 786
p132 259 19 704
p133 261 7 682
p134 262 13 809
p135 263 16 894
p136 263 19 826
p137 263 11 868
p138 264 12 803
p139 268 18 911
p140 268 9 761
p141 269 9 832
p142 269 5 715
p143 271 9 968
p144 273 19 773
p145 274 14 932
p146 282 8 715
p147 284 5 690
p148 284 20 765
p149 286 8 697
p150 293 17 758
p151 293 16 762
p152 296 19 1004
p153 301 6 793
p154 302 18 983
p155 302 11 912
p156 304 10 952
p157 305 12 827
p158 305 1 810
p159 307 13 917
p160 308 6 797
p161 308 8 923
p162 309 7 911
p163 312 17 1026
p164 313 2 752
p165 316 5 759
p166 319 13 908
p167 322 17 761
p168 326 2 864
p169 326 9 931
p170 329 3 797
p171 331 9 861
p172 332 14 1007
p173 333 3 890
p174 334 7 742
p175 340 3 918
p176 341 11 764
p177 343 8 773
p178 344 10 788
p179 345 9 807
p180 352 3 944
p181 353 11 922
p182 354 4 1044
p183 355 7 763
p184 356 3 867
p185 358 10 965
p186 358 18 954
p187 360 2 970
p188 362 16 780
p189 364 1 943
p190 365 10 803
p191 365 19 814
p192 371 16 810
p193 375 14 896
p194 377 14 973
p195 378 8 870
p196 380 1 1065
p197 381 8 821
p198 383 8 817
p199 384 7 969
p200 386 3 833
p201 386 6 821
p202 388 4 957
p203 388 6 1010
p204 390 5 974
p205 391 18 1012
p206 391 15 1063
p207 394 16 882
p208 394 9 1050
p209 395 1 930
p210 395 5 937
p211 396 2 1053
p212 398 4 822
p213 398 1 936
p214 398 12 817
p215 401 14 980
p216 403 18 1116
p217 404 5 825
p218 405 19 1078
p219 407 1 1004
p220 407 16 1020
p221 407 1 974
p222 409 17 1043
p223 409 18 1043
p224 411 5 853
p225 411 15 966
p226 414 6 912
p227 415 11 1083
p228 415 5 1012
p229 417 9 976
p230 418 7 982
p231 418 18 1134
p232 420 5 1014
p233 421 19 913
p234 423 18 1136
p235 427 10 1033
p236 430 17 1031
p237 432 3 985
p238 432 17 976
p239 432 13 1137
p240 434 3 842
p241 435 6 1001
p242 439 7 885
p243 443 17 1078
p244 445 7 1075
p245 448 19 993
p246 450 12 966
p247 450 14 1102
p248 451 15 1036
p249 452 20 895
p250 456 16 960
p251 458 9 1074
p252 459 20 1005
p253 461 12 1169
p254 462 3 950
p255 463 16 1169
p256 467 16 1173
p257 469 15 1145
p258 470 14 1011
p259 472 17 915
p260 475 8 1167
p261 477 4 949
p262 480 11 1010
p263 481 17 908
p264 481 11 1113
p265 483 16 980
p266 484 20 1187
p267 484 1 895
p268 485 9 1169
p269 486 1 1122
p270 488 3 1031
p271 488 16 959
p272 492 16 981
p273 496 6 1176
p274 499 12 1204
p275 501 19 1106
p276 501 3 1077
p277 503 8 1021
p278 503 3 1194
p279 507 14 998
p280 507 16 1046
p281 511 18 999
p282 511 18 978
p283 512 3 1003
p284 513 1 961
p285 516 3 977
p286 522 14 1012
p287 522 14 1051
p288 524 11 1054
p289 524 2 1071
p290 527 3 996
p291 527 2 1160
p292 528 5 1006
p293 530 4 1123
p294 533 18 1109
p295 535 3 1114
p296 537 6 999
p297 542 5 1091
p298 546 3 1246
p299 548 20 1035
p300 551 13 1231
p301 551 11 1211
p302 556 7 979
p303 559 6 1046
p304 560 8 1120
p305 560 18 1064
p306 562 10 990
p307 565 15 1262
p308 567 19 1058
p309 567 18 1054
p310 567 2 1050
p311 580 12 1171
p312 585 14 1174
p313 590 3 1264
p314 591 13 1244
p315 593 9 1061
p316 596 12 1175
p317 598 14 1265
p318 599 16 1146
p319 601 11 1135
p320 602 1 1177
p321 603 19 1241
p322 604 1 1243
p323 604 2 1204
p324 606 9 1086
p325 608 13 1265
p326 612 3 1096
p327 616 15 1035
p328 618 15 1165
p329 620 1 1021
p330 622 9 1093
p331 624 12 1064
p332 624 8 1152
p333 626 20 1319
p334 632 8 1084
p335 635 6 1252
p336 635 12 1320
p337 640 19 1230
p338 640 20 1173
p339 643 3 1248
p340 645 3 1113
p341 645 14 1281
p342 654 18 1134
p343 655 12 1228
p344 656 15 1121
p345 658 1 1334
p346 661 20 1214
p347 663 1 1174
p348 681 5 1369
p349 682 15 1236
p350 683 7 1143
p351 684 2 1273
p352 684 11 1382
p353 685 11 1139
p354 687 18 1286
p355 687 8 1109
p356 691 10 1306
p357 696 15 1205
p358 697 19 1195
p359 701 16 1315
p360 709 10 1160
p361 711 10 1341
p362 714 4 1260
p363 716 2 1143
p364 717 3 1385
p365 719 19 1257
p366 719 2 1257
p367 730 5 1267
p368 730 18 1372
p369 732 11 1190
p370 733 16 1232
p371 738 14 1302
p372 741 10 1251
p373 744 12 1196
p374 752 20 1413
p375 754 15 1259
p376 755 6 1203
p377 757 19 1424
p378 757 12 1394
p379 759 8 1352
p380 761 12 1411
p381 768 12 1374
p382 769 10 1253
p383 771 5 1369
p384 775 4 1348
p385 775 20 1281
p386 776 13 1344
p387 776 18 1345
p388 777 10 1367
p389 777 9 1479
p390 780 10 1438
p391 782 7 1360
p392 783 20 1324
p393 784 5 1348
p394 784 3 1343
p395 786 4 1476
p396 789 12 1328
p397 793 1 1325
p398 795 13 1346
p399 796 11 1478
p400 797 18 1383
p401 799 13 1485
p402 799 6 1262
p403 802 3 1251
p404 807 12 1323
p405 808 1 1355
p406 809 10 1356
p407 813 14 1503
p408 814 8 1274
p409 816 2 1257
p410 816 1 1435
p411 819 15 1515
p412 822 11 1246
p413 823 1 1316
p414 825 13 1271
p415 826 15 1243
p416 830 4 1519
p417 833 11 1448
p418 840 14 1371
p419 845 11 1387
p420 845 1 1458
p421 850 1 1395
p422 850 6 1500
p423 851 9 1270
p424 851 1 1266
p425 852 1 1445
p426 855 15 1541
p427 859 11 1514
p428 860 9 1509
p429 860 11 1390
p430 863 18 1328
p431 866 18 1452
p432 866 18 1354
p433 867 16 1563
p434 868 18 1489
p435 869 16 1526
p436 871 3 1344
p437 874 16 1521
p438 876 9 1416
p439 878 2 1577
p440 886 1 1532
p441 886 3 1367
p442 886 19 1460
p443 887 3 1576
p444 892 10 1326
p445 894 10 1575
p446 894 4 1505
p447 894 13 1405
p448 896 7 1421
p449 899 15 1421
p450 899 15 1505
p451 900 19 1421
p452 900 20 1536
p453 900 14 1607
p454 906 13 1381
p455 911 10 1325
p456 913 10 1374
p457 914 1 1482
p458 918 20 1448
p459 918 19 1448
p460 921 6 1579
p461 923 19 1436
p462 927 7 1380
p463 929 7 1505
p464 931 1 1332
p465 932 18 1465
p466 936 18 1650
p467 936 18 1552
p468 937 17 1359
p469 941 2 1367
p470 943 16 1592
p471 945 19 1629
p472 946 4 1638
p473 947 4 1464
p474 954 10 1391
p475 956 10 1423
p476 959 16 1620
p477 959 10 1579
p478 960 6 1516
p479 963 6 1592
p480 966 13 1397
p481 967 13 1477
p482 969 9 1639
p483 969 10 1610
p484 971 13 1638
p485 977 7 1514
p486 982 9 1515
p487 983 13 1637
p488 984 8 1651
p489 986 11 1455
p490 987 20 1568
p491 988 17 1674
p492 989 20 1459
p493 995 6 1423
p494 996 13 1471
p495 996 15 1567
p496 996 20 1561
p497 996 6 1632
p498 997 3 1635
p499 999 15 1710
